[header]
width=128
height=32
tilewidth=16
tileheight=16
orientation=orthogonal
background_color=0,0,0,255

[tilesets]
tileset=../../../CS3113/assets/graphics/Platformer assets pixel (900 assets)/spritesheet_rgba.png,16,16,0,0
tileset=../../../CS3113/assets/graphics/Platformer assets pixel (900 assets)/backgrounds.png,16,16,0,0

[layer]
type=Tile Layer 1
data=
1850,1850,1850,1850,1850,1850,1850,1850,1850,1850,1850,1850,1850,1850,1850,1850,1850,1850,1850,1850,1850,1850,1850,1850,1850,1850,1850,1850,1850,1850,1850,1850,1850,1850,1850,1850,1850,1850,1850,1850,1850,1850,1850,1850,1850,1850,1850,1850,1850,1850,1850,1850,1850,1850,1850,1850,1850,1850,1850,1850,1850,1850,1850,1850,1850,1850,1850,1850,1850,1850,1850,1850,1850,1850,1850,1850,1850,1850,1850,1850,1850,1850,1850,1850,1850,1850,1850,1850,1850,1850,1850,1850,1850,1850,1850,1850,1850,1850,1850,1850,1850,1850,1850,1850,1850,1850,1850,1850,1850,1850,1850,1850,1850,1850,1850,1850,1850,1850,1850,1850,1850,1850,1850,1850,1850,1850,1850,1850,
1850,1850,1850,1850,1850,1850,1850,1850,1850,1850,1850,1850,1850,1850,1850,1850,1850,1850,1850,1850,1850,1850,1850,1850,1850,1850,1850,1850,1850,1850,1850,1850,1850,1850,1850,1850,1850,1850,1850,1850,1850,1850,1850,1850,1850,1850,1850,1850,1850,1850,1850,1850,1850,1850,1850,1850,1850,1850,1850,1850,1850,1850,1850,1850,1850,1850,1850,1850,1850,1850,1850,1850,1850,1850,1850,1850,1850,1850,1850,1850,1850,1850,1850,1850,1850,1850,1850,1850,1850,1850,1850,1850,1850,1850,1850,1850,1850,1850,1850,1850,1850,1850,1850,1850,1850,1850,1850,1850,1850,1850,1850,1850,1850,1850,1850,1850,1850,1850,1850,1850,1850,1850,1850,1850,1850,1850,1850,1850,
1850,1850,1850,1850,1850,1850,1850,1850,1850,1850,1850,1850,1850,1850,1850,1850,1850,1850,1850,1850,1850,1850,1850,1850,1850,1850,1850,1850,1850,1850,1850,1850,1850,1850,1850,1850,1850,1850,1850,1850,1850,1850,1850,1850,1850,1850,1850,1850,1850,1850,1850,1850,1850,1850,1850,1850,1850,1850,1850,1850,1850,1850,1850,1850,1850,1850,1850,1850,1850,1850,1850,1850,1850,1850,1850,1850,1850,1850,1850,1850,1850,1850,1850,1850,1850,1850,1850,1850,1850,1850,1850,1850,1850,1850,1850,1850,1850,1850,1850,1850,1850,1850,1850,1850,1850,1850,1850,1850,1850,1850,1850,1850,1850,1850,1850,1850,1850,1850,1850,1850,1850,1850,1850,1850,1850,1850,1850,1850,
1850,1850,1850,1850,1850,1850,1850,1850,1850,1850,1850,1850,1850,1850,1850,1850,1850,1850,1850,1850,1850,1850,1850,1850,1850,1850,1850,1850,1850,1850,1850,1850,1850,1850,1850,1850,1850,1850,1850,1850,1850,1850,1850,1850,1850,1850,1850,1850,1850,1850,1850,1850,1850,1850,1850,1850,1850,1850,1850,1850,1850,1850,1850,1850,1850,1850,1850,1850,1850,1850,1850,1850,1850,1850,1850,1850,1850,1850,1850,1850,1850,1850,1850,1850,1850,1850,1850,1850,1850,1850,1850,1850,1850,1850,1850,1850,1850,1850,1850,1850,1850,1850,1850,1850,1850,1850,1850,1850,1850,1850,1850,1850,1850,1850,1850,1850,1850,1850,1850,1850,1850,1850,1850,1850,1850,1850,1850,1850,
1850,1850,1850,1850,1850,1850,1850,1850,1850,1850,1850,1850,1850,1850,1850,1850,1850,1850,1850,1850,1850,1850,1850,1850,1850,1850,1850,1850,1850,1850,1850,1850,1850,1850,1850,1850,1850,1850,1850,1850,1850,1850,1850,1850,1850,1850,1850,1850,1850,1850,1850,1850,1850,1850,1850,1850,1850,1850,1850,1850,1850,1850,1850,1850,1850,1850,1850,1850,1850,1850,1850,1850,1850,1850,1850,1850,1850,1850,1850,1850,1850,1850,1850,1850,1850,1850,1850,1850,1850,1850,1850,1850,1850,1850,1850,1850,1850,1850,1850,1850,1850,1850,1850,1850,1850,1850,1850,1850,1850,1850,1850,1850,1850,1850,1850,1850,1850,1850,1850,1850,1850,1850,1850,1850,1850,1850,1850,1850,
1850,1850,1850,1850,1850,1850,1850,1850,1850,1850,1850,1850,1850,1850,1850,1850,1850,1850,1850,1850,1850,1850,1850,1850,1850,1850,1850,1850,1850,1850,1850,1850,1850,1850,1850,1850,1850,1850,1850,1850,1850,1850,1850,1850,1850,1850,1850,1850,1850,1850,1850,1850,1850,1850,1850,1850,1850,1850,1850,1850,1850,1850,1850,1850,1850,1850,1850,1850,1850,1850,1850,1850,1850,1850,1850,1850,1850,1850,1850,1850,1850,1850,1850,1850,1850,1850,1850,1850,1850,1850,1850,1850,1850,1850,1850,1850,1850,1850,1850,1850,1850,1850,1850,1850,1850,1850,1850,1850,1850,1850,1850,1850,1850,1850,1850,1850,1850,1850,1850,1850,1850,1850,1850,1850,1850,1850,1850,1850,
1850,1850,1850,1850,1850,1850,1850,1850,1850,1850,1850,1850,1850,1850,1850,1850,1850,1850,1850,1850,1850,1850,1850,1850,1850,1850,1850,1850,1850,1850,1850,1850,1850,1850,1850,1850,1850,1850,1850,1850,1850,1850,1850,1850,1850,1850,1850,1850,1850,1850,1850,1850,1850,1850,1850,1850,1850,1850,1850,1850,1850,1850,1850,1850,1850,1850,1850,1850,1850,1850,1850,1850,1850,1850,1850,1850,1850,1850,1850,1850,1850,1850,1850,1850,1850,1850,1850,1850,1850,1850,1850,1850,1850,1850,1850,1850,1850,1850,1850,1850,1850,1850,1850,1850,1850,1850,1850,1850,1850,1850,1850,1850,1850,1850,1850,1850,1850,1850,1850,1850,1850,1850,1850,1850,1850,1850,1850,1850,
1850,1850,1850,1850,1850,1850,1850,1850,1850,1850,1850,1850,1850,1850,1850,1850,1850,1850,1850,1850,1850,1850,1850,1850,1850,1850,1850,1850,1850,1850,1850,1850,1850,1850,1850,1850,1850,1850,1850,1850,1850,1850,1850,1850,1850,1850,1850,1850,1850,1850,1850,1850,1850,1850,1850,1850,1850,1850,1850,1850,1850,1850,1850,1850,1850,1850,1850,1850,1850,1850,1850,1850,1850,1850,1850,1850,1850,1850,1850,1850,1850,1850,1850,1850,1850,1850,1850,1850,1850,1850,1850,1850,1850,1850,1850,1850,1850,1850,1850,1850,1850,1850,1850,1850,1850,1850,1850,1850,1850,1850,1850,1850,1850,1850,1850,1850,1850,1850,1850,1850,1850,1850,1850,1850,1850,1850,1850,1850,
1850,1850,1850,1850,1850,1850,1850,1850,1850,1850,1850,1850,1850,1850,1850,1850,1850,1850,1850,1850,1850,1850,1850,1850,1850,1850,1850,1850,1850,1850,1850,1850,1850,1850,1850,1850,1850,1850,1850,1850,1850,1850,1850,1850,1850,1850,1850,1850,1850,1850,1850,1850,1850,1850,1850,1850,1850,1850,1850,1850,1850,1850,1850,1850,1850,1850,1850,1850,1850,1850,1850,1850,1850,1850,1850,1850,1850,1850,1850,1850,1850,1850,1850,1850,1850,1850,1850,1850,1850,1850,1850,1850,1850,1850,1850,1850,1850,1850,1850,1850,1850,1850,1850,1850,1850,1850,1850,1850,1850,1850,1850,1850,1850,1850,1850,1850,1850,1850,1850,1850,1850,1850,1850,1850,1850,1850,1850,1850,
1850,1850,1850,1850,1850,1850,1850,1850,1850,1850,1850,1850,1850,1850,1850,1850,1850,1850,1850,1850,1850,1850,1850,1850,1850,1850,1850,1850,1850,1850,1850,1850,1850,1850,1850,1850,1850,1850,1850,1850,1850,1850,1850,1850,1850,1850,1850,1850,1850,1850,1850,1850,1850,1850,1850,1850,1850,1850,1850,1850,1850,1850,1850,1850,1850,1850,1850,1850,1850,1850,1850,1850,1850,1850,1850,1850,1850,1850,1850,1850,1850,1850,1850,1850,1850,1850,1850,1850,1850,1850,1850,1850,1850,1850,1850,1850,1850,1850,1850,1850,1850,1850,1850,1850,1850,1850,1850,1850,1850,1850,1850,1850,1850,1850,1850,1850,1850,1850,1850,1850,1850,1850,1850,1850,1850,1850,1850,1850,
1850,1850,1850,1850,1850,1850,1850,1850,1850,1850,1850,1850,1850,1850,1850,1850,1850,1850,1850,1850,1850,1850,1850,1850,1850,1850,1850,1850,1850,1850,1850,1850,1850,1850,1850,1850,1850,1850,1850,1850,1850,1850,1850,1850,1850,1850,1850,1850,1850,1850,1850,1850,1850,1850,1850,1850,1850,1850,1850,1850,1850,1850,1850,1850,1850,1850,1850,1850,1850,1850,1850,1850,1850,1850,1850,1850,1850,1850,1850,1850,1850,1850,1850,1850,1850,1850,1850,1850,1850,1850,1850,1850,1850,1850,1850,1850,1850,1850,1850,1850,1850,1850,1850,1850,1850,1850,1850,1850,1850,1850,1850,1850,1850,1850,1850,1850,1850,1850,1850,1850,1850,1850,1850,1850,1850,1850,1850,1850,
1850,1850,1850,1850,1850,1850,1850,1850,1850,1850,1850,1850,1850,1850,1850,1850,1850,1850,1850,1850,1850,1850,1850,1850,1850,1850,1850,1850,1850,1850,1850,1850,1850,1850,1850,1850,1850,1850,1850,1850,1850,1850,1850,1850,1850,1850,1850,1850,1850,1850,1850,1850,1850,1850,1850,1850,1850,1850,1850,1850,1850,1850,1850,1850,1850,1850,1850,1850,1850,1850,1850,1850,1850,1850,1850,1850,1850,1850,1850,1850,1850,1850,1850,1850,1850,1850,1850,1850,1850,1850,1850,1850,1850,1850,1850,1850,1850,1850,1850,1850,1850,1850,1850,1850,1850,1850,1850,1850,1850,1850,1850,1850,1850,1850,1850,1850,1850,1850,1850,1850,1850,1850,1850,1850,1850,1850,1850,1850,
1850,1850,1850,1850,1850,1850,1850,1850,1850,1850,1850,1850,1850,1850,1850,1850,1850,1850,1850,1850,1850,1850,1850,1850,1850,1850,1850,1850,1850,1850,1850,1850,1850,1850,1850,1850,1850,1850,1850,1850,1850,1850,1850,1850,1850,1850,1850,1850,1850,1850,1850,1850,1850,1850,1850,1850,1850,1850,1850,1850,1850,1850,1850,1850,1850,1850,1850,1850,1850,1850,1850,1850,1850,1850,1850,1850,1850,1850,1850,1850,1850,1850,1850,1850,1850,1850,1850,1850,1850,1850,1850,1850,1850,1850,1850,1850,1850,1850,1850,1850,1850,1850,1850,1850,1850,1850,1850,1850,1850,1850,1850,1850,1850,1850,1850,1850,1850,1850,1850,1850,1850,1850,1850,1850,1850,1850,1850,1850,
1850,1850,1850,1850,1850,1850,1850,1850,1850,1850,1850,1850,1850,1850,1850,1850,1850,1850,1850,1850,1850,1850,1850,1850,1850,1850,1850,1850,1850,1850,1850,1850,1850,1850,1850,1850,1850,1850,1850,1850,1850,1850,1850,1850,1850,1850,1850,1850,1850,1850,1850,1850,1850,1850,1850,1850,1850,1850,1850,1850,1850,1850,1850,1850,1850,1850,1850,1850,1850,1850,1850,1850,1850,1850,1850,1850,1850,1850,1850,1850,1850,1850,1850,1850,1850,1850,1850,1850,1850,1850,1850,1850,1850,1850,1850,1850,1850,1850,1850,1850,1850,1850,1850,1850,1850,1850,1850,1850,1850,1850,1850,1850,1850,1850,1850,1850,1850,1850,1850,1850,1850,1850,1850,1850,1850,1850,1850,1850,
1850,1850,1850,1850,1850,1850,1850,1850,1850,1850,1850,1850,1850,1850,1850,1850,1850,1850,1850,1850,1850,1850,1850,1850,1850,1850,1850,1850,1850,1850,1850,1850,1850,1850,1850,1850,1850,1850,1850,1850,1850,1850,1850,1850,1850,1850,1850,1850,1850,1850,1850,1850,1850,1850,1850,1850,1850,1850,1850,1850,1850,1850,1850,1850,1850,1850,1850,1850,1850,1850,1850,1850,1850,1850,1850,1850,1850,1850,1850,1850,1850,1850,1850,1850,1850,1850,1850,1850,1850,1850,1850,1850,1850,1850,1850,1850,1850,1850,1850,1850,1850,1850,1850,1850,1850,1850,1850,1850,1850,1850,1850,1850,1850,1850,1850,1850,1850,1850,1850,1850,1850,1850,1850,1850,1850,1850,1850,1850,
1850,1850,1850,1850,1850,1850,1850,1850,1850,1850,1850,1850,1850,1850,1850,1850,1850,1850,1850,1850,1850,1850,1850,1850,1850,1850,1850,1850,1850,1850,1850,1850,1850,1850,1850,1850,1850,1850,1850,1850,1850,1850,1850,1850,1850,1850,1850,1850,1850,1850,1850,1850,1850,1850,1850,1850,1850,1850,1850,1850,1850,1850,1850,1850,1850,1850,1850,1850,1850,1850,1850,1850,1850,1850,1850,1850,1850,1850,1850,1850,1850,1850,1850,1850,1850,1850,1850,1850,1850,1850,1850,1850,1850,1850,1850,1850,1850,1850,1850,1850,1850,1850,1850,1850,1850,1850,1850,1850,1850,1850,1850,1850,1850,1850,1850,1850,1850,1850,1850,1850,1850,1850,1850,1850,1850,1850,1850,1850,
1850,1850,1850,1850,1850,1850,1850,1850,1850,1850,1850,1850,1850,1850,1850,1850,1850,1850,1850,1850,1850,1850,1850,1850,1850,1850,1850,1850,1850,1850,1850,1850,1850,1850,1850,1850,1850,1850,1850,1850,1850,1850,1850,1850,1850,1850,1850,1850,1850,1850,1850,1850,1850,1850,1850,1850,1850,1850,1850,1850,1850,1850,1850,1850,1850,1850,1850,1850,1850,1850,1850,1850,1850,1850,1850,1850,1850,1850,1850,1850,1850,1850,1850,1850,1850,1850,1850,1850,1850,1850,1850,1850,1850,1850,1850,1850,1850,1850,1850,1850,1850,1850,1850,1850,1850,1850,1850,1850,1850,1850,1850,1850,1850,1850,1850,1850,1850,1850,1850,1850,1850,1850,1850,1850,1850,1850,1850,1850,
1850,1850,1850,1850,1850,1850,1850,1850,1850,1850,1850,1850,1850,1850,1850,1850,1850,1850,1850,1850,1850,1850,1850,1850,1850,1850,1850,1850,1850,1850,1850,1850,1850,1850,1850,1850,1850,1850,1850,1850,1850,1850,1850,1850,1850,1850,1850,1850,1850,1850,1850,1850,1850,1850,1850,1850,1850,1850,1850,1850,1850,1850,1850,1850,1850,1850,1850,1850,1850,1850,1850,1850,1850,1850,1850,1850,1850,1850,1850,1850,1850,1850,1850,1850,1850,1850,1850,1850,1850,1850,1850,1850,1850,1850,1850,1850,1850,1850,1850,1850,1850,1850,1850,1850,1850,1850,1850,1850,1850,1850,1850,1850,1850,1850,1850,1850,1850,1850,1850,1850,1850,1850,1850,1850,1850,1850,1850,1850,
1850,1850,1850,1850,1850,1850,1850,1850,1850,1850,1850,1850,1850,1850,1850,1850,1850,1850,1850,1850,1850,1850,1850,1850,1850,1850,1850,1850,1850,1850,1850,1850,1850,1850,1850,1850,1850,1850,1850,1850,1850,1850,1850,1850,1850,1850,1850,1850,1850,1850,1850,1850,1850,1850,1850,1850,1850,1850,1850,1850,1850,1850,1850,1850,1850,1850,1850,1850,1850,1850,1850,1850,1850,1850,1850,1850,1850,1850,1850,1850,1850,1850,1850,1850,1850,1850,1850,1850,1850,1850,1850,1850,1850,1850,1850,1850,1850,1850,1850,1850,1850,1850,1850,1850,1850,1850,1850,1850,1850,1850,1850,1850,1850,1850,1850,1850,1850,1850,1850,1850,1850,1850,1850,1850,1850,1850,1850,1850,
1850,1850,1850,1850,1850,1850,1850,1850,1850,1850,1850,1850,1850,1850,1850,1850,1850,1850,1850,1850,1850,1850,1850,1850,1850,1850,1850,1850,1850,1850,1850,1850,1850,1850,1850,1850,1850,1850,1850,1850,1850,1850,1850,1850,1850,1850,1850,1850,1850,1850,1850,1850,1850,1850,1850,1850,1850,1850,1850,1850,1850,1850,1850,1850,1850,1850,1850,1850,1850,1850,1850,1850,1850,1850,1850,1850,1850,1850,1850,1850,1850,1850,1850,1850,1850,1850,1850,1850,1850,1850,1850,1850,1850,1850,1850,1850,1850,1850,1850,1850,1850,1850,1850,1850,1850,1850,1850,1850,1850,1850,1850,1850,1850,1850,1850,1850,1850,1850,1850,1850,1850,1850,1850,1850,1850,1850,1850,1850,
1850,1850,1850,1850,1850,1850,1850,1850,1850,1850,1850,1850,1850,1850,1850,1850,1850,1850,1850,1850,1850,1850,1850,1850,1850,1850,1850,1850,1850,1850,1850,1850,1850,1850,1850,1850,1850,1850,1850,1850,1850,1850,1850,1850,1850,1850,1850,1850,1850,1850,1850,1850,1850,1850,1850,1850,1850,1850,1850,1850,1850,1850,1850,1850,1850,1850,1850,1850,1850,1850,1850,1850,1850,1850,1850,1850,1850,1850,1850,1850,1850,1850,1850,1850,1850,1850,1850,1850,1850,1850,1850,1850,1850,1850,1850,1850,1850,1850,1850,1850,1850,1850,1850,1850,1850,1850,1850,1850,1850,1850,1850,1850,1850,1850,1850,1850,1850,1850,1850,1850,1850,1850,1850,1850,1850,1850,1850,1850,
1850,1850,1850,1850,1850,1850,1850,1850,1850,1850,1850,1850,1850,1850,1850,1850,1850,1850,1850,1850,1850,1850,1850,1850,1850,1850,1850,1850,1850,1850,1850,1850,1850,1850,1850,1850,1850,1850,1850,1850,1850,1850,1850,1850,1850,1850,1850,1850,1850,1850,1850,1850,1850,1850,1850,1850,1850,1850,1850,1850,1850,1850,1850,1850,1850,1850,1850,1850,1850,1850,1850,1850,1850,1850,1850,1850,1850,1850,1850,1850,1850,1850,1850,1850,1850,1850,1850,1850,1850,1850,1850,1850,1850,1850,1850,1850,1850,1850,1850,1850,1850,1850,1850,1850,1850,1850,1850,1850,1850,1850,1850,1850,1850,1850,1850,1850,1850,1850,1850,1850,1850,1850,1850,1850,1850,1850,1850,1850,
1850,1850,1850,1850,1850,1850,1850,1850,1850,1850,1850,1850,1850,1850,1850,1850,1850,1850,1850,1850,1850,1850,1850,1850,1850,1850,1850,1850,1850,1850,1850,1850,1850,1850,1850,1850,1850,1850,1850,1850,1850,1850,1850,1850,1850,1850,1850,1850,1850,1850,1850,1850,1850,1850,1850,1850,1850,1850,1850,1850,1850,1850,1850,1850,1850,1850,1850,1850,1850,1850,1850,1850,1850,1850,1850,1850,1850,1850,1850,1850,1850,1850,1850,1850,1850,1850,1850,1850,1850,1850,1850,1850,1850,1850,1850,1850,1850,1850,1850,1850,1850,1850,1850,1850,1850,1850,1850,1850,1850,1850,1850,1850,1850,1850,1850,1850,1850,1850,1850,1850,1850,1850,1850,1850,1850,1850,1850,1850,
1850,1850,1850,1850,1850,1850,1850,1850,1850,1850,1850,1850,1850,1850,1850,1850,1850,1850,1850,1850,1850,1850,1850,1850,1850,1850,1850,1850,1850,1850,1850,1850,1850,1850,1850,1850,1850,1850,1850,1850,1850,1850,1850,1850,1850,1850,1850,1850,1850,1850,1850,1850,1850,1850,1850,1850,1850,1850,1850,1850,1850,1850,1850,1850,1850,1850,1850,1850,1850,1850,1850,1850,1850,1850,1850,1850,1850,1850,1850,1850,1850,1850,1850,1850,1850,1850,1850,1850,1850,1850,1850,1850,1850,1850,1850,1850,1850,1850,1850,1850,1850,1850,1850,1850,1850,1850,1850,1850,1850,1850,1850,1850,1850,1850,1850,1850,1850,1850,1850,1850,1850,1850,1850,1850,1850,1850,1850,1850,
1850,1850,1850,1850,1850,1850,1850,1850,1850,1850,1850,1850,1850,1850,1850,1850,1850,1850,1850,1850,1850,1850,1850,1850,1850,1850,1850,1850,1850,1850,1850,1850,1850,1850,1850,1850,1850,1850,1850,1850,1850,1850,1850,1850,1850,1850,1850,1850,1850,262,262,262,262,262,262,262,262,262,262,262,262,262,262,262,262,262,262,262,262,262,262,262,262,262,262,262,262,262,262,262,262,262,262,262,262,262,262,262,262,262,262,262,262,262,262,262,262,262,262,262,262,262,262,262,262,262,262,262,262,262,262,262,262,262,262,262,262,262,262,1850,1850,1850,1850,1850,1850,1850,1850,1850,
1850,1850,1850,1850,1850,1850,1850,1850,1850,1850,1850,1850,1850,1850,1850,1850,1850,1850,1850,1850,1850,1850,1850,1850,1850,1850,1850,1850,1850,1850,1850,1850,1850,1850,1850,1850,1850,1850,1850,1850,1850,1850,1850,1850,1850,1850,1850,1850,262,305,305,305,305,305,305,305,305,305,305,305,305,305,305,305,305,305,305,305,305,305,305,305,305,305,305,305,305,305,305,305,308,308,308,308,308,308,308,308,308,308,308,308,308,308,308,308,308,308,308,308,308,308,308,308,308,308,308,308,308,308,308,308,308,308,308,308,308,308,308,262,1850,1850,1850,1850,1850,1850,1850,1850,
1850,1850,1850,1850,1850,1850,1850,1850,1850,1850,1850,1850,1850,1850,1850,1850,1850,1850,1850,1850,1850,1850,1850,1850,1850,1850,1850,1850,1850,1850,1850,1850,1850,1850,1850,1850,1850,1850,1850,1850,1850,1850,1850,1850,1850,1850,1850,262,305,305,305,305,305,305,305,305,305,305,305,305,305,305,305,305,305,305,305,305,305,305,305,305,305,305,305,305,305,305,305,308,308,308,308,308,308,308,308,308,308,308,308,308,308,308,308,308,308,308,308,308,308,308,308,308,308,308,308,308,308,308,308,308,308,308,308,308,308,308,308,308,262,1850,1850,1850,1850,1850,1850,1850,
262,262,262,262,262,262,262,262,262,262,262,262,262,262,262,262,262,262,262,262,262,262,262,262,262,262,262,262,262,262,262,262,262,262,262,262,262,262,262,262,262,262,262,262,262,262,262,305,305,305,305,305,305,305,305,305,305,305,305,305,305,305,305,305,305,305,305,305,305,305,305,305,305,305,305,305,305,305,305,305,308,308,308,308,308,308,308,308,308,308,308,308,308,308,308,308,308,308,308,308,308,308,308,308,308,308,308,308,308,308,308,308,308,308,308,308,308,308,308,308,308,1850,1850,1850,1850,1850,1850,1850,
308,308,308,305,305,305,305,305,305,305,305,305,305,305,305,305,305,305,305,305,305,305,305,305,305,305,305,305,305,305,305,305,305,305,305,305,305,305,305,305,305,305,305,305,305,305,305,305,305,305,305,305,305,305,305,305,305,305,305,305,305,305,305,305,305,305,305,305,305,305,305,305,305,305,305,305,305,305,305,308,308,308,308,308,308,308,308,308,308,308,308,308,308,308,308,308,308,308,308,308,308,308,308,308,308,308,308,308,308,308,308,308,308,308,308,308,308,308,308,308,308,262,262,1850,1850,1850,1850,1850,
305,305,305,305,305,305,305,305,305,305,305,305,305,305,305,305,305,305,305,305,305,305,305,305,305,305,305,305,305,305,305,305,305,305,305,305,305,305,305,305,305,305,305,305,305,305,305,305,305,305,305,305,305,305,305,305,305,305,305,305,305,305,305,305,305,305,305,305,305,305,305,305,305,305,308,308,308,308,308,308,308,308,308,308,308,308,308,308,308,308,308,308,308,308,308,308,308,308,308,308,308,308,308,308,308,308,308,308,308,308,308,308,308,308,308,308,308,308,308,308,308,308,308,262,1850,1850,1850,1850,
305,305,305,305,305,305,305,305,305,305,305,305,305,305,305,305,305,305,305,305,305,305,305,305,305,305,305,305,305,305,305,305,305,305,305,305,305,305,305,305,305,305,305,305,305,305,305,305,305,305,305,305,305,305,305,305,305,305,305,305,305,305,305,305,305,305,305,305,305,305,305,305,305,308,308,308,308,308,308,308,308,308,308,308,308,308,308,308,308,308,308,308,308,308,308,308,308,308,308,308,308,308,308,308,308,308,308,308,308,308,308,308,308,308,308,308,308,308,308,308,308,308,308,308,262,262,262,262,
308,305,305,305,305,305,305,305,305,305,305,305,305,305,305,305,305,305,305,305,305,305,305,305,305,305,305,305,305,305,305,305,305,305,305,305,305,305,305,305,305,305,305,305,305,305,305,305,305,305,305,305,305,305,305,305,305,305,305,305,305,305,305,305,305,305,305,305,305,305,305,305,305,305,305,305,305,305,305,305,308,308,308,308,308,308,308,308,308,308,308,308,308,308,308,308,308,308,308,308,308,308,308,308,308,308,308,308,308,308,308,308,308,308,308,308,308,308,308,308,308,308,308,308,308,308,308,308

[ObjectsLayer]
# player_body
type=Player
location=18,27,1,1

[ObjectsLayer]
# player_head
type=Player
location=18,26,1,1

[ObjectsLayer]
# enemy
type=Enemy
location=80,24,1,1

[ObjectsLayer]
# door
type=door
location=125,29,1,1

